version https://git-lfs.github.com/spec/v1
oid sha256:1f9fe1428a863fe5f1675b9b1684f4804937f1348dfd9d7d048ce7c6acdab1e2
size 122828
